10 0.228902 0.258827 0.305841 0.353224
10 0.446491 0.191367 0.167669 0.201292
10 0.636306 0.455153 0.0856029 0.0935162
1 0.712511 0.682991 0.380683 0.328956
8 0.805011 0.295969 0.287745 0.313874
10 0.203983 0.489438 0.134828 0.135373
10 0.407013 0.535498 0.140092 0.133295
10 0.517179 0.437895 0.126481 0.131468
10 0.808916 0.296603 0.285048 0.311667
10 0.732206 0.478301 0.0975166 0.0950254
10 0.0580938 0.614629 0.115838 0.153812
1 0.222431 0.789607 0.379197 0.311884
10 0.624543 0.157904 0.185662 0.142101
